<?xml version="1.0" encoding="utf-8"?>
<COLLADA xmlns="http://www.collada.org/2005/11/COLLADASchema" version="1.4.1">
  <asset><contributor><author></author><authoring_tool>FBX COLLADA exporter</authoring_tool><comments></comments></contributor><created>2019-01-20T17:22:48Z</created><keywords></keywords><modified>2019-01-20T17:22:48Z</modified><revision></revision><subject></subject><title></title><unit meter="1.000000" name="centimeter"></unit><up_axis>Y_UP</up_axis></asset>
  <library_images>
    <image id="Steve.png-image" name="Steve.png"><init_from>file:///tmp/878e0d91-0698-4eb2-80fb-611c31ca31bd/564848c82f4e9f6f4474e106620e6034/Steve.png</init_from></image>
  </library_images>
  <library_materials>
    <material id="Steve" name="Steve">
      <instance_effect url="#Steve-fx"/>
    </material>
  </library_materials>
  <library_effects>
    <effect id="Steve-fx" name="Steve">
      <profile_COMMON>
        <technique sid="standard">
          <phong>
            <emission>
              <color sid="emission">0.000000  0.000000 0.000000 1.000000</color>
            </emission>
            <ambient>
              <color sid="ambient">0.000000  0.000000 0.000000 1.000000</color>
            </ambient>
            <diffuse>
              <texture texture="Steve.png-image" texcoord="CHANNEL0">
                <extra>
                  <technique profile="MAYA">
                    <wrapU sid="wrapU0">TRUE</wrapU>
                    <wrapV sid="wrapV0">TRUE</wrapV>
                    <blend_mode>ADD</blend_mode>
                  </technique>
                </extra>
              </texture>
            </diffuse>
            <specular>
              <color sid="specular">0.100000  0.100000 0.100000 1.000000</color>
            </specular>
            <shininess>
              <float sid="shininess">50.000000</float>
            </shininess>
            <reflective>
              <color sid="reflective">0.000000  0.000000 0.000000 1.000000</color>
            </reflective>
            <reflectivity>
              <float sid="reflectivity">1.000000</float>
            </reflectivity>
            <transparent opaque="RGB_ZERO">
              <color sid="transparent">1.000000  1.000000 1.000000 1.000000</color>
            </transparent>
            <transparency>
              <float sid="transparency">0.000000</float>
            </transparency>
          </phong>
        </technique>
      </profile_COMMON>
    </effect>
  </library_effects>
  <library_geometries>
    <geometry id="Steve_RLeg-lib" name="Steve_RLegMesh">
      <mesh>
        <source id="Steve_RLeg-POSITION">
          <float_array id="Steve_RLeg-POSITION-array" count="24">
-0.521593 3.497354 0.000451
-0.521593 3.497354 1.136699
0.521593 3.497354 1.136699
0.521592 3.497354 0.000451
-0.521593 0.502646 0.000451
-0.521592 0.502646 1.136699
0.521593 0.502646 0.000451
0.521593 0.502646 1.136698
</float_array>
          <technique_common>
            <accessor source="#Steve_RLeg-POSITION-array" count="8" stride="3">
              <param name="X" type="float"/>
              <param name="Y" type="float"/>
              <param name="Z" type="float"/>
            </accessor>
          </technique_common>
        </source>
        <source id="Steve_RLeg-UV0">
          <float_array id="Steve_RLeg-UV0-array" count="48">
0.124564 0.372844
0.123284 0.495731
0.062259 0.497328
0.063538 0.374441
0.250211 0.370491
0.250211 0.001371
0.190639 -0.001314
0.190639 0.367806
0.000807 0.009620
0.000807 0.377727
0.059514 0.377727
0.059514 0.009620
0.000878 0.373364
0.000878 0.010074
0.062985 0.010074
0.062985 0.373364
0.065586 0.375905
0.065375 0.003473
0.124947 0.003338
0.125158 0.375770
0.179068 0.489942
0.130391 0.486732
0.129081 0.397994
0.177758 0.401205
</float_array>
          <technique_common>
            <accessor source="#Steve_RLeg-UV0-array" count="24" stride="2">
              <param name="S" type="float"/>
              <param name="T" type="float"/>
            </accessor>
          </technique_common>
        </source>
        <vertices id="Steve_RLeg-VERTEX">
          <input semantic="POSITION" source="#Steve_RLeg-POSITION"/>
        </vertices>
        <polylist count="6" material="Steve"><input semantic="VERTEX" offset="0" source="#Steve_RLeg-VERTEX"/><input semantic="TEXCOORD" offset="1" set="0" source="#Steve_RLeg-UV0"/><vcount>4 4 4 4 4 4 </vcount><p> 0 0 1 1 2 2 3 3 0 4 4 5 5 6 1 7 4 8 0 9 3 10 6 11 1 12 5 13 7 14 2 15 2 16 7 17 6 18 3 19 4 20 6 21 7 22 5 23</p></polylist>
      </mesh>
    </geometry>
    <geometry id="Steve_RArm-lib" name="Steve_RArmMesh">
      <mesh>
        <source id="Steve_RArm-POSITION">
          <float_array id="Steve_RArm-POSITION-array" count="24">
-0.548908 6.487525 4.131316
-0.560913 5.351346 4.134833
0.482139 5.340364 4.147407
0.494144 6.476543 4.143889
-0.512911 6.477874 1.136839
-0.524916 5.341696 1.140356
0.530140 6.466893 1.149413
0.518135 5.330714 1.152930
</float_array>
          <technique_common>
            <accessor source="#Steve_RArm-POSITION-array" count="8" stride="3">
              <param name="X" type="float"/>
              <param name="Y" type="float"/>
              <param name="Z" type="float"/>
            </accessor>
          </technique_common>
        </source>
        <source id="Steve_RArm-UV0">
          <float_array id="Steve_RArm-UV0-array" count="48">
0.810749 0.385914
0.811271 0.499729
0.759676 0.499733
0.759154 0.385918
0.747193 0.001975
0.748349 0.364560
0.693041 0.364662
0.691885 0.002077
0.692350 0.372208
0.697119 0.006768
0.755237 0.007035
0.750468 0.372475
0.752226 0.003554
0.753944 0.372404
0.690567 0.378607
0.688849 0.009758
0.756093 0.006957
0.756694 0.363210
0.689552 0.364713
0.688950 0.008460
0.686919 0.378174
0.749925 0.378174
0.749289 0.500739
0.686282 0.500739
</float_array>
          <technique_common>
            <accessor source="#Steve_RArm-UV0-array" count="24" stride="2">
              <param name="S" type="float"/>
              <param name="T" type="float"/>
            </accessor>
          </technique_common>
        </source>
        <vertices id="Steve_RArm-VERTEX">
          <input semantic="POSITION" source="#Steve_RArm-POSITION"/>
        </vertices>
        <polylist count="6" material="Steve"><input semantic="VERTEX" offset="0" source="#Steve_RArm-VERTEX"/><input semantic="TEXCOORD" offset="1" set="0" source="#Steve_RArm-UV0"/><vcount>4 4 4 4 4 4 </vcount><p> 0 0 1 1 2 2 3 3 0 4 4 5 5 6 1 7 4 8 0 9 3 10 6 11 1 12 5 13 7 14 2 15 2 16 7 17 6 18 3 19 4 20 6 21 7 22 5 23</p></polylist>
      </mesh>
    </geometry>
    <geometry id="Steve_Body-lib" name="Steve_BodyMesh">
      <mesh>
        <source id="Steve_Body-POSITION">
          <float_array id="Steve_Body-POSITION-array" count="24">
-0.521593 6.486256 -1.131610
-0.521593 6.486256 1.163829
0.521593 6.486256 1.163828
0.521592 6.486256 -1.131611
-0.521593 3.491547 -1.131610
-0.521592 3.491547 1.163829
0.521593 3.491547 -1.131610
0.521593 3.491547 1.163828
</float_array>
          <technique_common>
            <accessor source="#Steve_Body-POSITION-array" count="8" stride="3">
              <param name="X" type="float"/>
              <param name="Y" type="float"/>
              <param name="Z" type="float"/>
            </accessor>
          </technique_common>
        </source>
        <source id="Steve_Body-UV0">
          <float_array id="Steve_Body-UV0-array" count="48">
0.439419 0.501069
0.313044 0.494516
0.314588 0.373515
0.440962 0.380069
0.622224 0.375264
0.625501 0.005748
0.508958 0.000506
0.505681 0.370022
0.500000 -0.005172
0.500000 0.370784
0.441207 0.370784
0.441206 -0.005172
0.309159 0.373364
0.309159 -0.002509
0.249632 -0.002509
0.249632 0.373364
0.312738 0.372217
0.312738 0.000239
0.438887 0.000239
0.438887 0.372217
0.183671 0.494358
0.127578 0.496613
0.129334 0.382434
0.185427 0.380179
</float_array>
          <technique_common>
            <accessor source="#Steve_Body-UV0-array" count="24" stride="2">
              <param name="S" type="float"/>
              <param name="T" type="float"/>
            </accessor>
          </technique_common>
        </source>
        <vertices id="Steve_Body-VERTEX">
          <input semantic="POSITION" source="#Steve_Body-POSITION"/>
        </vertices>
        <polylist count="6" material="Steve"><input semantic="VERTEX" offset="0" source="#Steve_Body-VERTEX"/><input semantic="TEXCOORD" offset="1" set="0" source="#Steve_Body-UV0"/><vcount>4 4 4 4 4 4 </vcount><p> 0 0 1 1 2 2 3 3 0 4 4 5 5 6 1 7 4 8 0 9 3 10 6 11 1 12 5 13 7 14 2 15 2 16 7 17 6 18 3 19 4 20 6 21 7 22 5 23</p></polylist>
      </mesh>
    </geometry>
    <geometry id="Steve_Head-lib" name="Steve_HeadMesh">
      <mesh>
        <source id="Steve_Head-POSITION">
          <float_array id="Steve_Head-POSITION-array" count="36">
-1.000000 8.474034 1.006573
-1.000000 6.474077 0.993383
-1.000000 6.474077 0.993383
-1.000000 8.474034 1.006573
1.000000 8.474034 1.006573
0.999999 8.487225 -0.993383
-1.000000 8.487224 -0.993383
-1.000000 6.487268 -1.006573
1.000000 8.474034 1.006573
1.000000 6.487268 -1.006573
1.000000 6.474078 0.993383
1.000000 6.474078 0.993383
</float_array>
          <technique_common>
            <accessor source="#Steve_Head-POSITION-array" count="12" stride="3">
              <param name="X" type="float"/>
              <param name="Y" type="float"/>
              <param name="Z" type="float"/>
            </accessor>
          </technique_common>
        </source>
        <source id="Steve_Head-UV0">
          <float_array id="Steve_Head-UV0-array" count="68">
0.376673 0.749269
0.375900 0.503487
0.125457 0.755906
0.249146 0.755974
0.249112 0.999932
0.125829 0.999911
0.500661 0.750006
0.500024 0.502517
0.253952 0.761856
0.369216 0.761856
0.369216 0.991808
0.253952 0.991808
1.000000 1.000000
1.000000 0.000000
0.123832 0.501264
0.124180 0.750315
0.002091 0.753476
0.001326 0.503335
0.125687 0.503316
0.250780 0.503290
0.251113 0.748845
0.126238 0.747512
0.249306 0.504219
0.374877 0.506418
0.374931 0.749621
0.250104 0.747256
0.375900 0.503487
0.376673 0.749269
0.125829 0.999911
0.125457 0.755906
1.000000 0.000000
1.000000 1.000000
0.126238 0.747512
0.125687 0.503316
</float_array>
          <technique_common>
            <accessor source="#Steve_Head-UV0-array" count="34" stride="2">
              <param name="S" type="float"/>
              <param name="T" type="float"/>
            </accessor>
          </technique_common>
        </source>
        <vertices id="Steve_Head-VERTEX">
          <input semantic="POSITION" source="#Steve_Head-POSITION"/>
        </vertices>
        <polylist count="10" material="Steve"><input semantic="VERTEX" offset="0" source="#Steve_Head-VERTEX"/><input semantic="TEXCOORD" offset="1" set="0" source="#Steve_Head-UV0"/><vcount>4 4 4 4 4 4 4 4 4 4 </vcount><p> 0 0 1 1 2 26 3 27 4 2 5 3 6 4 0 5 0 0 6 6 7 7 1 1 4 2 0 5 3 28 8 29 9 8 10 9 1 10 7 11 1 12 10 13 11 30 2 31 11 14 8 15 3 16 2 17 10 18 9 19 5 20 4 21 10 18 4 21 8 32 11 33 9 22 7 23 6 24 5 25</p></polylist>
      </mesh>
    </geometry>
    <geometry id="Steve_LArm-lib" name="Steve_LArmMesh">
      <mesh>
        <source id="Steve_LArm-POSITION">
          <float_array id="Steve_LArm-POSITION-array" count="24">
-0.548908 6.487525 -1.114329
-0.560913 5.351346 -1.110812
0.482139 5.340364 -1.098238
0.494144 6.476543 -1.101755
-0.512911 6.477874 -4.108805
-0.524916 5.341696 -4.105288
0.530140 6.466893 -4.096231
0.518135 5.330714 -4.092714
</float_array>
          <technique_common>
            <accessor source="#Steve_LArm-POSITION-array" count="8" stride="3">
              <param name="X" type="float"/>
              <param name="Y" type="float"/>
              <param name="Z" type="float"/>
            </accessor>
          </technique_common>
        </source>
        <source id="Steve_LArm-UV0">
          <float_array id="Steve_LArm-UV0-array" count="48">
0.689934 0.495565
0.689339 0.380423
0.748153 0.380419
0.748748 0.495561
0.691096 0.377156
0.693834 0.001912
0.747501 0.008395
0.753152 0.375250
0.690080 0.003953
0.691833 0.375361
0.751610 0.369261
0.749856 -0.002147
0.688328 0.374991
0.688328 0.005988
0.748819 0.000058
0.748819 0.369061
0.688839 0.369572
0.687600 0.004327
0.751165 0.000589
0.752404 0.365834
0.813120 0.496101
0.757901 0.498796
0.759715 0.389343
0.814246 0.387968
</float_array>
          <technique_common>
            <accessor source="#Steve_LArm-UV0-array" count="24" stride="2">
              <param name="S" type="float"/>
              <param name="T" type="float"/>
            </accessor>
          </technique_common>
        </source>
        <vertices id="Steve_LArm-VERTEX">
          <input semantic="POSITION" source="#Steve_LArm-POSITION"/>
        </vertices>
        <polylist count="6" material="Steve"><input semantic="VERTEX" offset="0" source="#Steve_LArm-VERTEX"/><input semantic="TEXCOORD" offset="1" set="0" source="#Steve_LArm-UV0"/><vcount>4 4 4 4 4 4 </vcount><p> 0 0 1 1 2 2 3 3 0 4 4 5 5 6 1 7 4 8 0 9 3 10 6 11 1 12 5 13 7 14 2 15 2 16 7 17 6 18 3 19 4 20 6 21 7 22 5 23</p></polylist>
      </mesh>
    </geometry>
    <geometry id="Steve_LLeg-lib" name="Steve_LLegMesh">
      <mesh>
        <source id="Steve_LLeg-POSITION">
          <float_array id="Steve_LLeg-POSITION-array" count="24">
-0.521593 3.497354 -1.138887
-0.521593 3.497354 -0.002640
0.521593 3.497354 -0.002640
0.521592 3.497354 -1.138888
-0.521593 0.502646 -1.138887
-0.521592 0.502646 -0.002639
0.521593 0.502646 -1.138887
0.521593 0.502646 -0.002640
</float_array>
          <technique_common>
            <accessor source="#Steve_LLeg-POSITION-array" count="8" stride="3">
              <param name="X" type="float"/>
              <param name="Y" type="float"/>
              <param name="Z" type="float"/>
            </accessor>
          </technique_common>
        </source>
        <source id="Steve_LLeg-UV0">
          <float_array id="Steve_LLeg-UV0-array" count="48">
0.122711 0.377515
0.122790 0.486939
0.062175 0.489947
0.062097 0.380523
0.250211 0.373175
0.250211 0.001371
0.187955 -0.001314
0.187955 0.370491
0.187525 0.000071
0.187524 0.370784
0.125900 0.370784
0.125900 0.000071
-0.003674 0.368140
0.003760 -0.002275
0.065964 -0.002528
0.058530 0.367886
0.068050 0.365241
0.068050 0.003935
0.122484 0.003935
0.122484 0.365241
0.185797 0.496086
0.129150 0.496087
0.130335 0.384604
0.186982 0.384604
</float_array>
          <technique_common>
            <accessor source="#Steve_LLeg-UV0-array" count="24" stride="2">
              <param name="S" type="float"/>
              <param name="T" type="float"/>
            </accessor>
          </technique_common>
        </source>
        <vertices id="Steve_LLeg-VERTEX">
          <input semantic="POSITION" source="#Steve_LLeg-POSITION"/>
        </vertices>
        <polylist count="6" material="Steve"><input semantic="VERTEX" offset="0" source="#Steve_LLeg-VERTEX"/><input semantic="TEXCOORD" offset="1" set="0" source="#Steve_LLeg-UV0"/><vcount>4 4 4 4 4 4 </vcount><p> 0 0 1 1 2 2 3 3 0 4 4 5 5 6 1 7 4 8 0 9 3 10 6 11 1 12 5 13 7 14 2 15 2 16 7 17 6 18 3 19 4 20 6 21 7 22 5 23</p></polylist>
      </mesh>
    </geometry>
  </library_geometries>
  <library_animations>
    <animation id="CameraPreset-anim" name="CameraPreset"><animation><source id="CameraPreset-Matrix-animation-input"><float_array id="CameraPreset-Matrix-animation-input-array" count="361">

0.000000 0.033333 0.066667 0.100000 0.133333 0.166667 0.200000 0.233333 0.266667 0.300000 0.333333 0.366667 0.400000 0.433333 0.466667 0.500000
0.533333 0.566667 0.600000 0.633333 0.666667 0.700000 0.733333 0.766667 0.800000 0.833333 0.866667 0.900000 0.933333 0.966667 1.000000 1.033333
1.066667 1.100000 1.133333 1.166667 1.200000 1.233333 1.266667 1.300000 1.333333 1.366667 1.400000 1.433333 1.466667 1.500000 1.533333 1.566667
1.600000 1.633333 1.666667 1.700000 1.733333 1.766667 1.800000 1.833333 1.866667 1.900000 1.933333 1.966667 2.000000 2.033333 2.066667 2.100000
2.133333 2.166667 2.200000 2.233333 2.266667 2.300000 2.333333 2.366667 2.400000 2.433333 2.466667 2.500000 2.533333 2.566667 2.600000 2.633333
2.666667 2.700000 2.733333 2.766667 2.800000 2.833333 2.866667 2.900000 2.933333 2.966667 3.000000 3.033333 3.066667 3.100000 3.133333 3.166667
3.200000 3.233333 3.266667 3.300000 3.333333 3.366667 3.400000 3.433333 3.466667 3.500000 3.533333 3.566667 3.600000 3.633333 3.666667 3.700000
3.733333 3.766667 3.800000 3.833333 3.866667 3.900000 3.933333 3.966667 4.000000 4.033333 4.066667 4.100000 4.133333 4.166667 4.200000 4.233333
4.266667 4.300000 4.333333 4.366667 4.400000 4.433333 4.466667 4.500000 4.533333 4.566667 4.600000 4.633333 4.666667 4.700000 4.733333 4.766667
4.800000 4.833333 4.866667 4.900000 4.933333 4.966667 5.000000 5.033333 5.066667 5.100000 5.133333 5.166667 5.200000 5.233333 5.266667 5.300000
5.333333 5.366667 5.400000 5.433333 5.466667 5.500000 5.533333 5.566667 5.600000 5.633333 5.666667 5.700000 5.733333 5.766667 5.800000 5.833333
5.866667 5.900000 5.933333 5.966667 6.000000 6.033333 6.066667 6.100000 6.133333 6.166667 6.200000 6.233333 6.266667 6.300000 6.333333 6.366667
6.400000 6.433333 6.466667 6.500000 6.533333 6.566667 6.600000 6.633333 6.666667 6.700000 6.733333 6.766667 6.800000 6.833333 6.866667 6.900000
6.933333 6.966667 7.000000 7.033333 7.066667 7.100000 7.133333 7.166667 7.200000 7.233333 7.266667 7.300000 7.333333 7.366667 7.400000 7.433333
7.466667 7.500000 7.533333 7.566667 7.600000 7.633333 7.666667 7.700000 7.733333 7.766667 7.800000 7.833333 7.866667 7.900000 7.933333 7.966667
8.000000 8.033333 8.066667 8.100000 8.133333 8.166667 8.200000 8.233333 8.266667 8.300000 8.333333 8.366667 8.400000 8.433333 8.466667 8.500000
8.533333 8.566667 8.600000 8.633333 8.666667 8.700000 8.733333 8.766667 8.800000 8.833333 8.866667 8.900000 8.933333 8.966667 9.000000 9.033333
9.066667 9.100000 9.133333 9.166667 9.200000 9.233333 9.266667 9.300000 9.333333 9.366667 9.400000 9.433333 9.466667 9.500000 9.533333 9.566667
9.600000 9.633333 9.666667 9.700000 9.733333 9.766667 9.800000 9.833333 9.866667 9.900000 9.933333 9.966667 10.000000 10.033333 10.066667 10.100000
10.133333 10.166667 10.200000 10.233333 10.266667 10.300000 10.333333 10.366667 10.400000 10.433333 10.466667 10.500000 10.533333 10.566667 10.600000 10.633333
10.666667 10.700000 10.733333 10.766667 10.800000 10.833333 10.866667 10.900000 10.933333 10.966667 11.000000 11.033333 11.066667 11.100000 11.133333 11.166667
11.200000 11.233333 11.266667 11.300000 11.333333 11.366667 11.400000 11.433333 11.466667 11.500000 11.533333 11.566667 11.600000 11.633333 11.666667 11.700000
11.733333 11.766667 11.800000 11.833333 11.866667 11.900000 11.933333 11.966667 12.000000</float_array><technique_common><accessor source="#CameraPreset-Matrix-animation-input-array" count="361"><param name="TIME" type="float"/></accessor></technique_common></source><source id="CameraPreset-Matrix-animation-output-transform"><float_array id="CameraPreset-Matrix-animation-output-transform-array" count="5776">

1.000000 0.000000 0.000000 0.000000 0.000000 1.000000 0.000000 4.494936 0.000000 0.000000 1.000000 0.019301 0.000000 0.000000 0.000000 1.000000
0.999848 0.000000 0.017452 0.000000 0.000000 1.000000 0.000000 4.494936 -0.017452 0.000000 0.999848 0.019301 0.000000 0.000000 0.000000 1.000000
0.999391 0.000000 0.034899 0.000000 0.000000 1.000000 0.000000 4.494936 -0.034899 0.000000 0.999391 0.019301 0.000000 0.000000 0.000000 1.000000
0.998630 0.000000 0.052336 0.000000 0.000000 1.000000 0.000000 4.494936 -0.052336 0.000000 0.998630 0.019301 0.000000 0.000000 0.000000 1.000000
0.997564 0.000000 0.069756 0.000000 0.000000 1.000000 0.000000 4.494936 -0.069756 0.000000 0.997564 0.019301 0.000000 0.000000 0.000000 1.000000
0.996195 0.000000 0.087156 0.000000 0.000000 1.000000 0.000000 4.494936 -0.087156 0.000000 0.996195 0.019301 0.000000 0.000000 0.000000 1.000000
0.994522 0.000000 0.104528 0.000000 0.000000 1.000000 0.000000 4.494936 -0.104528 0.000000 0.994522 0.019301 0.000000 0.000000 0.000000 1.000000
0.992546 0.000000 0.121869 0.000000 0.000000 1.000000 0.000000 4.494936 -0.121869 0.000000 0.992546 0.019301 0.000000 0.000000 0.000000 1.000000
0.990268 0.000000 0.139173 0.000000 0.000000 1.000000 0.000000 4.494936 -0.139173 0.000000 0.990268 0.019301 0.000000 0.000000 0.000000 1.000000
0.987688 0.000000 0.156434 0.000000 0.000000 1.000000 0.000000 4.494936 -0.156434 0.000000 0.987688 0.019301 0.000000 0.000000 0.000000 1.000000
0.984808 0.000000 0.173648 0.000000 0.000000 1.000000 0.000000 4.494936 -0.173648 0.000000 0.984808 0.019301 0.000000 0.000000 0.000000 1.000000
0.981627 0.000000 0.190809 0.000000 0.000000 1.000000 0.000000 4.494936 -0.190809 0.000000 0.981627 0.019301 0.000000 0.000000 0.000000 1.000000
0.978148 0.000000 0.207912 0.000000 0.000000 1.000000 0.000000 4.494936 -0.207912 0.000000 0.978148 0.019301 0.000000 0.000000 0.000000 1.000000
0.974370 0.000000 0.224951 0.000000 0.000000 1.000000 0.000000 4.494936 -0.224951 0.000000 0.974370 0.019301 0.000000 0.000000 0.000000 1.000000
0.970296 0.000000 0.241922 0.000000 0.000000 1.000000 0.000000 4.494936 -0.241922 0.000000 0.970296 0.019301 0.000000 0.000000 0.000000 1.000000
0.965926 0.000000 0.258819 0.000000 0.000000 1.000000 0.000000 4.494936 -0.258819 0.000000 0.965926 0.019301 0.000000 0.000000 0.000000 1.000000
0.961262 0.000000 0.275637 0.000000 0.000000 1.000000 0.000000 4.494936 -0.275637 0.000000 0.961262 0.019301 0.000000 0.000000 0.000000 1.000000
0.956305 0.000000 0.292372 0.000000 0.000000 1.000000 0.000000 4.494936 -0.292372 0.000000 0.956305 0.019301 0.000000 0.000000 0.000000 1.000000
0.951057 0.000000 0.309017 0.000000 0.000000 1.000000 0.000000 4.494936 -0.309017 0.000000 0.951057 0.019301 0.000000 0.000000 0.000000 1.000000
0.945519 0.000000 0.325568 0.000000 0.000000 1.000000 0.000000 4.494936 -0.325568 0.000000 0.945519 0.019301 0.000000 0.000000 0.000000 1.000000
0.939693 0.000000 0.342020 0.000000 0.000000 1.000000 0.000000 4.494936 -0.342020 0.000000 0.939693 0.019301 0.000000 0.000000 0.000000 1.000000
0.933580 0.000000 0.358368 0.000000 0.000000 1.000000 0.000000 4.494936 -0.358368 0.000000 0.933580 0.019301 0.000000 0.000000 0.000000 1.000000
0.927184 0.000000 0.374607 0.000000 0.000000 1.000000 0.000000 4.494936 -0.374607 0.000000 0.927184 0.019301 0.000000 0.000000 0.000000 1.000000
0.920505 0.000000 0.390731 0.000000 0.000000 1.000000 0.000000 4.494936 -0.390731 0.000000 0.920505 0.019301 0.000000 0.000000 0.000000 1.000000
0.913545 0.000000 0.406737 0.000000 0.000000 1.000000 0.000000 4.494936 -0.406737 0.000000 0.913545 0.019301 0.000000 0.000000 0.000000 1.000000
0.906308 0.000000 0.422618 0.000000 0.000000 1.000000 0.000000 4.494936 -0.422618 0.000000 0.906308 0.019301 0.000000 0.000000 0.000000 1.000000
0.898794 0.000000 0.438371 0.000000 0.000000 1.000000 0.000000 4.494936 -0.438371 0.000000 0.898794 0.019301 0.000000 0.000000 0.000000 1.000000
0.891007 0.000000 0.453990 0.000000 0.000000 1.000000 0.000000 4.494936 -0.453990 0.000000 0.891007 0.019301 0.000000 0.000000 0.000000 1.000000
0.882948 0.000000 0.469472 0.000000 0.000000 1.000000 0.000000 4.494936 -0.469472 0.000000 0.882948 0.019301 0.000000 0.000000 0.000000 1.000000
0.874620 0.000000 0.484810 0.000000 0.000000 1.000000 0.000000 4.494936 -0.484810 0.000000 0.874620 0.019301 0.000000 0.000000 0.000000 1.000000
0.866025 0.000000 0.500000 0.000000 0.000000 1.000000 0.000000 4.494936 -0.500000 0.000000 0.866025 0.019301 0.000000 0.000000 0.000000 1.000000
0.857167 0.000000 0.515038 0.000000 0.000000 1.000000 0.000000 4.494936 -0.515038 0.000000 0.857167 0.019301 0.000000 0.000000 0.000000 1.000000
0.848048 0.000000 0.529919 0.000000 0.000000 1.000000 0.000000 4.494936 -0.529919 0.000000 0.848048 0.019301 0.000000 0.000000 0.000000 1.000000
0.838671 0.000000 0.544639 0.000000 0.000000 1.000000 0.000000 4.494936 -0.544639 0.000000 0.838671 0.019301 0.000000 0.000000 0.000000 1.000000
0.829038 0.000000 0.559193 0.000000 0.000000 1.000000 0.000000 4.494936 -0.559193 0.000000 0.829038 0.019301 0.000000 0.000000 0.000000 1.000000
0.819152 0.000000 0.573576 0.000000 0.000000 1.000000 0.000000 4.494936 -0.573576 0.000000 0.819152 0.019301 0.000000 0.000000 0.000000 1.000000
0.809017 0.000000 0.587785 0.000000 0.000000 1.000000 0.000000 4.494936 -0.587785 0.000000 0.809017 0.019301 0.000000 0.000000 0.000000 1.000000
0.798636 0.000000 0.601815 0.000000 0.000000 1.000000 0.000000 4.494936 -0.601815 0.000000 0.798636 0.019301 0.000000 0.000000 0.000000 1.000000
0.788011 0.000000 0.615661 0.000000 0.000000 1.000000 0.000000 4.494936 -0.615661 0.000000 0.788011 0.019301 0.000000 0.000000 0.000000 1.000000
0.777146 0.000000 0.629320 0.000000 0.000000 1.000000 0.000000 4.494936 -0.629320 0.000000 0.777146 0.019301 0.000000 0.000000 0.000000 1.000000
0.766044 0.000000 0.642788 0.000000 0.000000 1.000000 0.000000 4.494936 -0.642788 0.000000 0.766044 0.019301 0.000000 0.000000 0.000000 1.000000
0.754710 0.000000 0.656059 0.000000 0.000000 1.000000 0.000000 4.494936 -0.656059 0.000000 0.754710 0.019301 0.000000 0.000000 0.000000 1.000000
0.743145 0.000000 0.669131 0.000000 0.000000 1.000000 0.000000 4.494936 -0.669131 0.000000 0.743145 0.019301 0.000000 0.000000 0.000000 1.000000
0.731354 0.000000 0.681998 0.000000 0.000000 1.000000 0.000000 4.494936 -0.681998 0.000000 0.731354 0.019301 0.000000 0.000000 0.000000 1.000000
0.719340 0.000000 0.694658 0.000000 0.000000 1.000000 0.000000 4.494936 -0.694658 0.000000 0.719340 0.019301 0.000000 0.000000 0.000000 1.000000
0.707107 0.000000 0.707107 0.000000 0.000000 1.000000 0.000000 4.494936 -0.707107 0.000000 0.707107 0.019301 0.000000 0.000000 0.000000 1.000000
0.694658 0.000000 0.719340 0.000000 0.000000 1.000000 0.000000 4.494936 -0.719340 0.000000 0.694658 0.019301 0.000000 0.000000 0.000000 1.000000
0.681998 0.000000 0.731354 0.000000 0.000000 1.000000 0.000000 4.494936 -0.731354 0.000000 0.681998 0.019301 0.000000 0.000000 0.000000 1.000000
0.669131 0.000000 0.743145 0.000000 0.000000 1.000000 0.000000 4.494936 -0.743145 0.000000 0.669131 0.019301 0.000000 0.000000 0.000000 1.000000
0.656059 0.000000 0.754710 0.000000 0.000000 1.000000 0.000000 4.494936 -0.754710 0.000000 0.656059 0.019301 0.000000 0.000000 0.000000 1.000000
0.642788 0.000000 0.766044 0.000000 0.000000 1.000000 0.000000 4.494936 -0.766044 0.000000 0.642788 0.019301 0.000000 0.000000 0.000000 1.000000
0.629320 0.000000 0.777146 0.000000 0.000000 1.000000 0.000000 4.494936 -0.777146 0.000000 0.629320 0.019301 0.000000 0.000000 0.000000 1.000000
0.615661 0.000000 0.788011 0.000000 0.000000 1.000000 0.000000 4.494936 -0.788011 0.000000 0.615661 0.019301 0.000000 0.000000 0.000000 1.000000
0.601815 0.000000 0.798636 0.000000 0.000000 1.000000 0.000000 4.494936 -0.798636 0.000000 0.601815 0.019301 0.000000 0.000000 0.000000 1.000000
0.587785 0.000000 0.809017 0.000000 0.000000 1.000000 0.000000 4.494936 -0.809017 0.000000 0.587785 0.019301 0.000000 0.000000 0.000000 1.000000
0.573576 0.000000 0.819152 0.000000 0.000000 1.000000 0.000000 4.494936 -0.819152 0.000000 0.573576 0.019301 0.000000 0.000000 0.000000 1.000000
0.559193 0.000000 0.829038 0.000000 0.000000 1.000000 0.000000 4.494936 -0.829038 0.000000 0.559193 0.019301 0.000000 0.000000 0.000000 1.000000
0.544639 0.000000 0.838671 0.000000 0.000000 1.000000 0.000000 4.494936 -0.838671 0.000000 0.544639 0.019301 0.000000 0.000000 0.000000 1.000000
0.529919 0.000000 0.848048 0.000000 0.000000 1.000000 0.000000 4.494936 -0.848048 0.000000 0.529919 0.019301 0.000000 0.000000 0.000000 1.000000
0.515038 0.000000 0.857167 0.000000 0.000000 1.000000 0.000000 4.494936 -0.857167 0.000000 0.515038 0.019301 0.000000 0.000000 0.000000 1.000000
0.500000 0.000000 0.866025 0.000000 0.000000 1.000000 0.000000 4.494936 -0.866025 0.000000 0.500000 0.019301 0.000000 0.000000 0.000000 1.000000
0.484810 0.000000 0.874620 0.000000 0.000000 1.000000 0.000000 4.494936 -0.874620 0.000000 0.484810 0.019301 0.000000 0.000000 0.000000 1.000000
0.469472 0.000000 0.882948 0.000000 0.000000 1.000000 0.000000 4.494936 -0.882948 0.000000 0.469472 0.019301 0.000000 0.000000 0.000000 1.000000
0.453990 0.000000 0.891007 0.000000 0.000000 1.000000 0.000000 4.494936 -0.891007 0.000000 0.453990 0.019301 0.000000 0.000000 0.000000 1.000000
0.438371 0.000000 0.898794 0.000000 0.000000 1.000000 0.000000 4.494936 -0.898794 0.000000 0.438371 0.019301 0.000000 0.000000 0.000000 1.000000
0.422618 0.000000 0.906308 0.000000 0.000000 1.000000 0.000000 4.494936 -0.906308 0.000000 0.422618 0.019301 0.000000 0.000000 0.000000 1.000000
0.406737 0.000000 0.913545 0.000000 0.000000 1.000000 0.000000 4.494936 -0.913545 0.000000 0.406737 0.019301 0.000000 0.000000 0.000000 1.000000
0.390731 0.000000 0.920505 0.000000 0.000000 1.000000 0.000000 4.494936 -0.920505 0.000000 0.390731 0.019301 0.000000 0.000000 0.000000 1.000000
0.374607 0.000000 0.927184 0.000000 0.000000 1.000000 0.000000 4.494936 -0.927184 0.000000 0.374607 0.019301 0.000000 0.000000 0.000000 1.000000
0.358368 0.000000 0.933580 0.000000 0.000000 1.000000 0.000000 4.494936 -0.933580 0.000000 0.358368 0.019301 0.000000 0.000000 0.000000 1.000000
0.342020 0.000000 0.939693 0.000000 0.000000 1.000000 0.000000 4.494936 -0.939693 0.000000 0.342020 0.019301 0.000000 0.000000 0.000000 1.000000
0.325568 0.000000 0.945519 0.000000 0.000000 1.000000 0.000000 4.494936 -0.945519 0.000000 0.325568 0.019301 0.000000 0.000000 0.000000 1.000000
0.309017 0.000000 0.951057 0.000000 0.000000 1.000000 0.000000 4.494936 -0.951057 0.000000 0.309017 0.019301 0.000000 0.000000 0.000000 1.000000
0.292372 0.000000 0.956305 0.000000 0.000000 1.000000 0.000000 4.494936 -0.956305 0.000000 0.292372 0.019301 0.000000 0.000000 0.000000 1.000000
0.275637 0.000000 0.961262 0.000000 0.000000 1.000000 0.000000 4.494936 -0.961262 0.000000 0.275637 0.019301 0.000000 0.000000 0.000000 1.000000
0.258819 0.000000 0.965926 0.000000 0.000000 1.000000 0.000000 4.494936 -0.965926 0.000000 0.258819 0.019301 0.000000 0.000000 0.000000 1.000000
0.241922 0.000000 0.970296 0.000000 0.000000 1.000000 0.000000 4.494936 -0.970296 0.000000 0.241922 0.019301 0.000000 0.000000 0.000000 1.000000
0.224951 0.000000 0.974370 0.000000 0.000000 1.000000 0.000000 4.494936 -0.974370 0.000000 0.224951 0.019301 0.000000 0.000000 0.000000 1.000000
0.207912 0.000000 0.978148 0.000000 0.000000 1.000000 0.000000 4.494936 -0.978148 0.000000 0.207912 0.019301 0.000000 0.000000 0.000000 1.000000
0.190809 0.000000 0.981627 0.000000 0.000000 1.000000 0.000000 4.494936 -0.981627 0.000000 0.190809 0.019301 0.000000 0.000000 0.000000 1.000000
0.173648 0.000000 0.984808 0.000000 0.000000 1.000000 0.000000 4.494936 -0.984808 0.000000 0.173648 0.019301 0.000000 0.000000 0.000000 1.000000
0.156434 0.000000 0.987688 0.000000 0.000000 1.000000 0.000000 4.494936 -0.987688 0.000000 0.156434 0.019301 0.000000 0.000000 0.000000 1.000000
0.139173 0.000000 0.990268 0.000000 0.000000 1.000000 0.000000 4.494936 -0.990268 0.000000 0.139173 0.019301 0.000000 0.000000 0.000000 1.000000
0.121869 0.000000 0.992546 0.000000 0.000000 1.000000 0.000000 4.494936 -0.992546 0.000000 0.121869 0.019301 0.000000 0.000000 0.000000 1.000000
0.104528 0.000000 0.994522 0.000000 0.000000 1.000000 0.000000 4.494936 -0.994522 0.000000 0.104528 0.019301 0.000000 0.000000 0.000000 1.000000
0.087156 0.000000 0.996195 0.000000 0.000000 1.000000 0.000000 4.494936 -0.996195 0.000000 0.087156 0.019301 0.000000 0.000000 0.000000 1.000000
0.069756 0.000000 0.997564 0.000000 0.000000 1.000000 0.000000 4.494936 -0.997564 0.000000 0.069756 0.019301 0.000000 0.000000 0.000000 1.000000
0.052336 0.000000 0.998630 0.000000 0.000000 1.000000 0.000000 4.494936 -0.998630 0.000000 0.052336 0.019301 0.000000 0.000000 0.000000 1.000000
0.034899 0.000000 0.999391 0.000000 0.000000 1.000000 0.000000 4.494936 -0.999391 0.000000 0.034899 0.019301 0.000000 0.000000 0.000000 1.000000
0.017452 0.000000 0.999848 0.000000 0.000000 1.000000 0.000000 4.494936 -0.999848 0.000000 0.017452 0.019301 0.000000 0.000000 0.000000 1.000000
0.000000 0.000000 1.000000 0.000000 0.000000 1.000000 0.000000 4.494936 -1.000000 0.000000 0.000000 0.019301 0.000000 0.000000 0.000000 1.000000
-0.017452 0.000000 0.999848 0.000000 0.000000 1.000000 0.000000 4.494936 -0.999848 0.000000 -0.017452 0.019301 0.000000 0.000000 0.000000 1.000000
-0.034899 0.000000 0.999391 0.000000 0.000000 1.000000 0.000000 4.494936 -0.999391 0.000000 -0.034899 0.019301 0.000000 0.000000 0.000000 1.000000
-0.052336 0.000000 0.998630 0.000000 0.000000 1.000000 0.000000 4.494936 -0.998630 0.000000 -0.052336 0.019301 0.000000 0.000000 0.000000 1.000000
-0.069756 0.000000 0.997564 0.000000 0.000000 1.000000 0.000000 4.494936 -0.997564 0.000000 -0.069756 0.019301 0.000000 0.000000 0.000000 1.000000
-0.087156 0.000000 0.996195 0.000000 0.000000 1.000000 0.000000 4.494936 -0.996195 0.000000 -0.087156 0.019301 0.000000 0.000000 0.000000 1.000000
-0.104528 0.000000 0.994522 0.000000 0.000000 1.000000 0.000000 4.494936 -0.994522 0.000000 -0.104528 0.019301 0.000000 0.000000 0.000000 1.000000
-0.121869 0.000000 0.992546 0.000000 0.000000 1.000000 0.000000 4.494936 -0.992546 0.000000 -0.121869 0.019301 0.000000 0.000000 0.000000 1.000000
-0.139173 0.000000 0.990268 0.000000 0.000000 1.000000 0.000000 4.494936 -0.990268 0.000000 -0.139173 0.019301 0.000000 0.000000 0.000000 1.000000
-0.156434 0.000000 0.987688 0.000000 0.000000 1.000000 0.000000 4.494936 -0.987688 0.000000 -0.156434 0.019301 0.000000 0.000000 0.000000 1.000000
-0.173648 0.000000 0.984808 0.000000 0.000000 1.000000 0.000000 4.494936 -0.984808 0.000000 -0.173648 0.019301 0.000000 0.000000 0.000000 1.000000
-0.190809 0.000000 0.981627 0.000000 0.000000 1.000000 0.000000 4.494936 -0.981627 0.000000 -0.190809 0.019301 0.000000 0.000000 0.000000 1.000000
-0.207912 0.000000 0.978148 0.000000 0.000000 1.000000 0.000000 4.494936 -0.978148 0.000000 -0.207912 0.019301 0.000000 0.000000 0.000000 1.000000
-0.224951 0.000000 0.974370 0.000000 0.000000 1.000000 0.000000 4.494936 -0.974370 0.000000 -0.224951 0.019301 0.000000 0.000000 0.000000 1.000000
-0.241922 0.000000 0.970296 0.000000 0.000000 1.000000 0.000000 4.494936 -0.970296 0.000000 -0.241922 0.019301 0.000000 0.000000 0.000000 1.000000
-0.258819 0.000000 0.965926 0.000000 0.000000 1.000000 0.000000 4.494936 -0.965926 0.000000 -0.258819 0.019301 0.000000 0.000000 0.000000 1.000000
-0.275637 0.000000 0.961262 0.000000 0.000000 1.000000 0.000000 4.494936 -0.961262 0.000000 -0.275637 0.019301 0.000000 0.000000 0.000000 1.000000
-0.292372 0.000000 0.956305 0.000000 0.000000 1.000000 0.000000 4.494936 -0.956305 0.000000 -0.292372 0.019301 0.000000 0.000000 0.000000 1.000000
-0.309017 0.000000 0.951057 0.000000 0.000000 1.000000 0.000000 4.494936 -0.951057 0.000000 -0.309017 0.019301 0.000000 0.000000 0.000000 1.000000
-0.325568 0.000000 0.945519 0.000000 0.000000 1.000000 0.000000 4.494936 -0.945519 0.000000 -0.325568 0.019301 0.000000 0.000000 0.000000 1.000000
-0.342020 0.000000 0.939693 0.000000 0.000000 1.000000 0.000000 4.494936 -0.939693 0.000000 -0.342020 0.019301 0.000000 0.000000 0.000000 1.000000
-0.358368 0.000000 0.933580 0.000000 0.000000 1.000000 0.000000 4.494936 -0.933580 0.000000 -0.358368 0.019301 0.000000 0.000000 0.000000 1.000000
-0.374607 0.000000 0.927184 0.000000 0.000000 1.000000 0.000000 4.494936 -0.927184 0.000000 -0.374607 0.019301 0.000000 0.000000 0.000000 1.000000
-0.390731 0.000000 0.920505 0.000000 0.000000 1.000000 0.000000 4.494936 -0.920505 0.000000 -0.390731 0.019301 0.000000 0.000000 0.000000 1.000000
-0.406737 0.000000 0.913545 0.000000 0.000000 1.000000 0.000000 4.494936 -0.913545 0.000000 -0.406737 0.019301 0.000000 0.000000 0.000000 1.000000
-0.422618 0.000000 0.906308 0.000000 0.000000 1.000000 0.000000 4.494936 -0.906308 0.000000 -0.422618 0.019301 0.000000 0.000000 0.000000 1.000000
-0.438371 0.000000 0.898794 0.000000 0.000000 1.000000 0.000000 4.494936 -0.898794 0.000000 -0.438371 0.019301 0.000000 0.000000 0.000000 1.000000
-0.453990 0.000000 0.891007 0.000000 0.000000 1.000000 0.000000 4.494936 -0.891007 0.000000 -0.453990 0.019301 0.000000 0.000000 0.000000 1.000000
-0.469472 0.000000 0.882948 0.000000 0.000000 1.000000 0.000000 4.494936 -0.882948 0.000000 -0.469472 0.019301 0.000000 0.000000 0.000000 1.000000
-0.484810 0.000000 0.874620 0.000000 0.000000 1.000000 0.000000 4.494936 -0.874620 0.000000 -0.484810 0.019301 0.000000 0.000000 0.000000 1.000000
-0.500000 0.000000 0.866025 0.000000 0.000000 1.000000 0.000000 4.494936 -0.866025 0.000000 -0.500000 0.019301 0.000000 0.000000 0.000000 1.000000
-0.515038 0.000000 0.857167 0.000000 0.000000 1.000000 0.000000 4.494936 -0.857167 0.000000 -0.515038 0.019301 0.000000 0.000000 0.000000 1.000000
-0.529919 0.000000 0.848048 0.000000 0.000000 1.000000 0.000000 4.494936 -0.848048 0.000000 -0.529919 0.019301 0.000000 0.000000 0.000000 1.000000
-0.544639 0.000000 0.838671 0.000000 0.000000 1.000000 0.000000 4.494936 -0.838671 0.000000 -0.544639 0.019301 0.000000 0.000000 0.000000 1.000000
-0.559193 0.000000 0.829038 0.000000 0.000000 1.000000 0.000000 4.494936 -0.829038 0.000000 -0.559193 0.019301 0.000000 0.000000 0.000000 1.000000
-0.573576 0.000000 0.819152 0.000000 0.000000 1.000000 0.000000 4.494936 -0.819152 0.000000 -0.573576 0.019301 0.000000 0.000000 0.000000 1.000000
-0.587785 0.000000 0.809017 0.000000 0.000000 1.000000 0.000000 4.494936 -0.809017 0.000000 -0.587785 0.019301 0.000000 0.000000 0.000000 1.000000
-0.601815 0.000000 0.798636 0.000000 0.000000 1.000000 0.000000 4.494936 -0.798636 0.000000 -0.601815 0.019301 0.000000 0.000000 0.000000 1.000000
-0.615661 0.000000 0.788011 0.000000 0.000000 1.000000 0.000000 4.494936 -0.788011 0.000000 -0.615661 0.019301 0.000000 0.000000 0.000000 1.000000
-0.629320 0.000000 0.777146 0.000000 0.000000 1.000000 0.000000 4.494936 -0.777146 0.000000 -0.629320 0.019301 0.000000 0.000000 0.000000 1.000000
-0.642788 0.000000 0.766044 0.000000 0.000000 1.000000 0.000000 4.494936 -0.766044 0.000000 -0.642788 0.019301 0.000000 0.000000 0.000000 1.000000
-0.656059 0.000000 0.754710 0.000000 0.000000 1.000000 0.000000 4.494936 -0.754710 0.000000 -0.656059 0.019301 0.000000 0.000000 0.000000 1.000000
-0.669131 0.000000 0.743145 0.000000 0.000000 1.000000 0.000000 4.494936 -0.743145 0.000000 -0.669131 0.019301 0.000000 0.000000 0.000000 1.000000
-0.681998 0.000000 0.731354 0.000000 0.000000 1.000000 0.000000 4.494936 -0.731354 0.000000 -0.681998 0.019301 0.000000 0.000000 0.000000 1.000000
-0.694658 0.000000 0.719340 0.000000 0.000000 1.000000 0.000000 4.494936 -0.719340 0.000000 -0.694658 0.019301 0.000000 0.000000 0.000000 1.000000
-0.707107 0.000000 0.707107 0.000000 0.000000 1.000000 0.000000 4.494936 -0.707107 0.000000 -0.707107 0.019301 0.000000 0.000000 0.000000 1.000000
-0.719340 0.000000 0.694658 0.000000 0.000000 1.000000 0.000000 4.494936 -0.694658 0.000000 -0.719340 0.019301 0.000000 0.000000 0.000000 1.000000
-0.731354 0.000000 0.681998 0.000000 0.000000 1.000000 0.000000 4.494936 -0.681998 0.000000 -0.731354 0.019301 0.000000 0.000000 0.000000 1.000000
-0.743145 0.000000 0.669131 0.000000 0.000000 1.000000 0.000000 4.494936 -0.669131 0.000000 -0.743145 0.019301 0.000000 0.000000 0.000000 1.000000
-0.754710 0.000000 0.656059 0.000000 0.000000 1.000000 0.000000 4.494936 -0.656059 0.000000 -0.754710 0.019301 0.000000 0.000000 0.000000 1.000000
-0.766044 0.000000 0.642788 0.000000 0.000000 1.000000 0.000000 4.494936 -0.642788 0.000000 -0.766044 0.019301 0.000000 0.000000 0.000000 1.000000
-0.777146 0.000000 0.629320 0.000000 0.000000 1.000000 0.000000 4.494936 -0.629320 0.000000 -0.777146 0.019301 0.000000 0.000000 0.000000 1.000000
-0.788011 0.000000 0.615661 0.000000 0.000000 1.000000 0.000000 4.494936 -0.615661 0.000000 -0.788011 0.019301 0.000000 0.000000 0.000000 1.000000
